2 0.9046875 0.66640625 0.184375 0.1859375
2 0.90859375 0.87734375 0.1828125 0.2453125
2 0.73125 0.8859375 0.1984375 0.228125
2 0.5546875 0.87265625 0.15625 0.2546875
2 0.63984375 0.67734375 0.1984375 0.21875
2 0.0921875 0.83125 0.1796875 0.3328125
2 0.1328125 0.61875 0.1703125 0.2078125
2 0.42578125 0.646875 0.1265625 0.196875
2 0.275 0.8125 0.171875 0.375
2 0.69765625 0.2484375 0.2625 0.253125
2 0.4015625 0.2515625 0.18125 0.19375
2 0.2375 0.2671875 0.1515625 0.128125
2 0.04375 0.23203125 0.0875 0.1171875