2 0.65234375 0.70390625 0.2453125 0.29375
2 0.05 0.66796875 0.1 0.19375
2 0.93515625 0.85 0.1203125 0.1578125
2 0.17265625 0.49609375 0.165625 0.121875
2 0.43515625 0.1359375 0.15 0.071875
2 0.8125 0.4453125 0.0625 0.0484375
2 0.828125 0.503125 0.05 0.028125
2 0.86015625 0.55859375 0.06875 0.05625
2 0.14453125 0.6484375 0.06875 0.1046875
2 0.2703125 0.64765625 0.059375 0.0703125
2 0.13515625 0.81328125 0.0703125 0.0921875
2 0.21484375 0.71796875 0.090625 0.0625
2 0.26328125 0.7921875 0.0734375 0.0796875
2 0.31015625 0.86171875 0.053125 0.05625
2 0.596875 0.978125 0.0703125 0.04375
2 0.87421875 0.70546875 0.1859375 0.121875