2 0.1875 0.47734375 0.1671875 0.078125
2 0.184375 0.6515625 0.1703125 0.1140625
2 0.37421875 0.57265625 0.2046875 0.1546875
2 0.5609375 0.653125 0.1609375 0.15625
2 0.66328125 0.8203125 0.38125 0.1703125
2 0.4515625 0.88359375 0.065625 0.1109375
2 0.8734375 0.53984375 0.2234375 0.1
2 0.86328125 0.9546875 0.271875 0.0875
2 0.93203125 0.8375 0.134375 0.1484375
2 0.7140625 0.6875 0.1265625 0.0984375
2 0.215625 0.54921875 0.1265625 0.059375
2 0.26015625 0.73984375 0.040625 0.034375
2 0.09765625 0.51484375 0.0203125 0.0390625
2 0.44453125 0.78046875 0.021875 0.0359375