2 0.17734375 0.48671875 0.1890625 0.1015625
2 0.184375 0.6515625 0.1703125 0.1140625
2 0.37421875 0.57890625 0.2046875 0.1671875
2 0.5515625 0.640625 0.1765625 0.1875
2 0.65859375 0.8203125 0.4125 0.1703125
2 0.4484375 0.884375 0.0890625 0.153125
2 0.825 0.5265625 0.1234375 0.109375
2 0.84609375 0.9515625 0.278125 0.096875
2 0.70703125 0.6875 0.140625 0.0984375
2 0.196875 0.5484375 0.0578125 0.028125
2 0.2546875 0.7421875 0.040625 0.046875
2 0.94296875 0.52109375 0.103125 0.059375
2 0.24921875 0.5625 0.040625 0.05625