2 0.43125 0.69609375 0.115625 0.1953125
2 0.22421875 0.6703125 0.2875 0.2375
2 0.29140625 0.42734375 0.1859375 0.28125
2 0.12890625 0.4265625 0.159375 0.2453125
2 0.45625 0.27578125 0.084375 0.0859375
2 0.46171875 0.34765625 0.09375 0.1234375
2 0.89765625 0.59609375 0.2046875 0.1484375
2 0.740625 0.41015625 0.159375 0.30625
2 0.896875 0.43359375 0.1390625 0.2015625
2 0.7296875 0.10546875 0.09375 0.1421875
2 0.6 0.16015625 0.1734375 0.1546875
2 0.61015625 0.30546875 0.14375 0.159375
2 0.23984375 0.03671875 0.1265625 0.0734375
2 0.02890625 0.51875 0.0578125 0.19375
2 0.78515625 0.125 0.0609375 0.0984375
2 0.58359375 0.70078125 0.090625 0.0875
2 0.2953125 0.83203125 0.1390625 0.0890625
2 0.76875 0.6484375 0.16875 0.075
2 0.878125 0.740625 0.075 0.0703125
2 0.0546875 0.05390625 0.109375 0.1078125
2 0.47734375 0.54921875 0.184375 0.1046875
2 0.73984375 0.76953125 0.1015625 0.0765625