2 0.79140625 0.70703125 0.1328125 0.140625
2 0.15 0.69140625 0.0875 0.134375
2 0.26796875 0.69140625 0.05625 0.0953125
2 0.48671875 0.653125 0.0984375 0.14375
2 0.503125 0.44609375 0.0546875 0.0875
2 0.5828125 0.42890625 0.0625 0.078125
2 0.81484375 0.6046875 0.0546875 0.11875
2 0.8859375 0.6625 0.0578125 0.134375
2 0.9453125 0.5875 0.08125 0.109375
2 0.64609375 0.63984375 0.071875 0.0921875
2 0.63828125 0.53046875 0.090625 0.1171875
2 0.9234375 0.5203125 0.08125 0.078125
2 0.034375 0.696875 0.06875 0.11875
2 0.31953125 0.51015625 0.0625 0.0734375
2 0.3890625 0.50703125 0.08125 0.090625