2 0.3359375 0.684375 0.2875 0.45
2 0.65390625 0.8421875 0.140625 0.29375
2 0.60625 0.40703125 0.121875 0.1546875
2 0.4578125 0.325 0.121875 0.2046875
2 0.334375 0.33515625 0.115625 0.125
2 0.321875 0.44609375 0.1203125 0.134375
2 0.1984375 0.3796875 0.1015625 0.1671875
2 0.075 0.41015625 0.14375 0.1265625
2 0.80234375 0.2953125 0.159375 0.1109375
2 0.60703125 0.25390625 0.05 0.0921875
2 0.215625 0.27734375 0.0765625 0.05
2 0.5125 0.7609375 0.13125 0.234375
2 0.72109375 0.396875 0.0515625 0.0875
2 0.75078125 0.54453125 0.059375 0.0625
2 0.85703125 0.584375 0.146875 0.1875
2 0.58828125 0.56328125 0.1359375 0.128125